notebooks/ektaagg/rainfall/rainfall.asc
NROWS 25
NCOLS 30
CELLSIZE 1.0
XLLCENTER 0.0
YLLCENTER 0.0
NODATA_VALUE -9999
0.000000000000000000e+00 0.000000000000000000e+00 0.000000000000000000e+00 0.000000000000000000e+00 0.000000000000000000e+00 0.000000000000000000e+00 0.000000000000000000e+00 0.000000000000000000e+00 0.000000000000000000e+00 0.000000000000000000e+00 0.000000000000000000e+00 0.000000000000000000e+00 0.000000000000000000e+00 0.000000000000000000e+00 0.000000000000000000e+00 0.000000000000000000e+00 0.000000000000000000e+00 0.000000000000000000e+00 0.000000000000000000e+00 0.000000000000000000e+00 0.000000000000000000e+00 0.000000000000000000e+00 0.000000000000000000e+00 0.000000000000000000e+00 0.000000000000000000e+00 0.000000000000000000e+00 0.000000000000000000e+00 0.000000000000000000e+00 0.000000000000000000e+00 0.000000000000000000e+00
5.674908441900183220e+01 5.676001257436559655e+01 5.677094079760671264e+01 5.678186908795416343e+01 5.679279744463669033e+01 5.680372586688291392e+01 5.681465435392132690e+01 5.682558290498019460e+01 5.683651151928772549e+01 5.684744019607188648e+01 5.685836893456055208e+01 5.686929773398136945e+01 5.688022659356190047e+01 5.689115551252953651e+01 5.690208449011147707e+01 5.691301352553477955e+01 5.692394261802640187e+01 5.693487176681308881e+01 5.694580097112142880e+01 5.695673023017789660e+01 5.696765954320877512e+01 5.697858890944022647e+01 5.698951832809821383e+01 5.700044779840858666e+01 5.701137731959701682e+01 5.702230689088906246e+01 5.703323651151005436e+01 5.704416618068524514e+01 5.705509589763966716e+01 0.000000000000000000e+00
5.675828213055908833e+01 5.676921205712359608e+01 5.678014205157648320e+01 5.679107211314652659e+01 5.680200224106244633e+01 5.681293243455267827e+01 5.682386269284559432e+01 5.683479301516936033e+01 5.684572340075202135e+01 5.685665384882145190e+01 5.686758435860536309e+01 5.687851492933130970e+01 5.688944556022673282e+01 5.690037625051887460e+01 5.691130699943482085e+01 5.692223780620152951e+01 5.693316867004578796e+01 5.694409959019421308e+01 5.695503056587333646e+01 5.696596159630942680e+01 5.697689268072871016e+01 5.698782381835714261e+01 5.699875500842063047e+01 5.700968625014488111e+01 5.702061754275543848e+01 5.703154888547770440e+01 5.704248027753693862e+01 5.705341171815824453e+01 5.706434320656651238e+01 0.000000000000000000e+00
5.676747929642196766e+01 5.677841099408213665e+01 5.678934275964168421e+01 5.680027459232928777e+01 5.681120649137348977e+01 5.682213845600263369e+01 5.683307048544497775e+01 5.684400257892853858e+01 5.685493473568124045e+01 5.686586695493083710e+01 5.687679923590491171e+01 5.688773157783092671e+01 5.689866397993615266e+01 5.690959644144769669e+01 5.692052896159257358e+01 5.693146153959757783e+01 5.694239417468936182e+01 5.695332686609447137e+01 5.696425961303924623e+01 5.697519241474989116e+01 5.698612527045245457e+01 5.699705817937279306e+01 5.700799114073668505e+01 5.701892415376971002e+01 5.702985721769728400e+01 5.704079033174469515e+01 5.705172349513706820e+01 5.706265670709936444e+01 5.707358996685638886e+01 0.000000000000000000e+00
5.677667591584213369e+01 5.678760938449273254e+01 5.679854292105371627e+01 5.680947652475364151e+01 5.682041019482089439e+01 5.683134393048374022e+01 5.684227773097026670e+01 5.685321159550838388e+01 5.686414552332590233e+01 5.687507951365043368e+01 5.688601356570945455e+01 5.689694767873027814e+01 5.690788185194006132e+01 5.691881608456579755e+01 5.692975037583435949e+01 5.694068472497242084e+01 5.695161913120651320e+01 5.696255359376305449e+01 5.697348811186824946e+01 5.698442268474819627e+01 5.699535731162879415e+01 5.700629199173580730e+01 5.701722672429487204e+01 5.702816150853142574e+01 5.703909634367079207e+01 5.705003122893810286e+01 5.706096616355836204e+01 5.707190114675641013e+01 5.708283617775695262e+01 0.000000000000000000e+00
5.678587198807115755e+01 5.679680722760684830e+01 5.680774253506388760e+01 5.681867790967075393e+01 5.682961335065569841e+01 5.684054885724685136e+01 5.685148442867219387e+01 5.686242006415950812e+01 5.687335576293645545e+01 5.688429152423054802e+01 5.689522734726913455e+01 5.690616323127937193e+01 5.691709917548834596e+01 5.692803517912288669e+01 5.693897124140974597e+01 5.694990736157548383e+01 5.696084353884651108e+01 5.697177977244908931e+01 5.698271606160933800e+01 5.699365240555319900e+01 5.700458880350645785e+01 5.701552525469476507e+01 5.702646175834359354e+01 5.703739831367830249e+01 5.704833491992405925e+01 5.705927157630587487e+01 5.707020828204865381e+01 5.708114503637709447e+01 5.709208183851573182e+01 0.000000000000000000e+00
5.679506751236062456e+01 5.680600452267586320e+01 5.681694160092344958e+01 5.682787874633173431e+01 5.683881595812884768e+01 5.684975323554279925e+01 5.686069057780142089e+01 5.687162798413240239e+01 5.688256545376326301e+01 5.689350298592140120e+01 5.690444057983401649e+01 5.691537823472817337e+01 5.692631594983080134e+01 5.693725372436863097e+01 5.694819155756826490e+01 5.695912944865614946e+01 5.697006739685858179e+01 5.698100540140168846e+01 5.699194346151144686e+01 5.700288157641369935e+01 5.701381974533408936e+01 5.702475796749815373e+01 5.703569624213123745e+01 5.704663456845857183e+01 5.705757294570517502e+01 5.706851137309598698e+01 5.707944984985573456e+01 5.709038837520900245e+01 5.710132694838024037e+01 0.000000000000000000e+00
5.680426248796197797e+01 5.681520126895108547e+01 5.682614011788356123e+01 5.683707903398760664e+01 5.684801801649122410e+01 5.685895706462231658e+01 5.686989617760856675e+01 5.688083535467755070e+01 5.689177459505667400e+01 5.690271389797317170e+01 5.691365326265415803e+01 5.692459268832656250e+01 5.693553217421717250e+01 5.694647171955261911e+01 5.695741132355935576e+01 5.696835098546372933e+01 5.697929070449188771e+01 5.699023047986984380e+01 5.700117031082346131e+01 5.701211019657841206e+01 5.702305013636028264e+01 5.703399012939441803e+01 5.704493017490608509e+01 5.705587027212035878e+01 5.706681042026217199e+01 5.707775061855627996e+01 5.708869086622733136e+01 5.709963116249976878e+01 5.711057150659791404e+01 0.000000000000000000e+00
5.681345691412661836e+01 5.682439746568380912e+01 5.683533808519537445e+01 5.684627877188936651e+01 5.685721952499369536e+01 5.686816034373609341e+01 5.687910122734416518e+01 5.689004217504533756e+01 5.690098318606689531e+01 5.691192425963596691e+01 5.692286539497951026e+01 5.693380659132435540e+01 5.694474784789715471e+01 5.695568916392439007e+01 5.696663053863243675e+01 5.697757197124747819e+01 5.698851346099554860e+01 5.699945500710254009e+01 5.701039660879416715e+01 5.702133826529603766e+01 5.703227997583354636e+01 5.704322173963196008e+01 5.705416355591638933e+01 5.706510542391178120e+01 5.707604734284295489e+01 5.708698931193456616e+01 5.709793133041110025e+01 5.710887339749689318e+01 5.711981551241613175e+01 0.000000000000000000e+00
5.682265079010590370e+01 5.683359311212523579e+01 5.684453550210990613e+01 5.685547795928791004e+01 5.686642048288700124e+01 5.687736307213477005e+01 5.688830572625871440e+01 5.689924844448611907e+01 5.691019122604416225e+01 5.692113407015984450e+01 5.693207697606000295e+01 5.694301994297131841e+01 5.695396297012032960e+01 5.696490605673341179e+01 5.697584920203680525e+01 5.698679240525655842e+01 5.699773566561858473e+01 5.700867898234865550e+01 5.701962235467236439e+01 5.703056578181517722e+01 5.704150926300236790e+01 5.705245279745908249e+01 5.706339638441029649e+01 5.707434002308087173e+01 5.708528371269547108e+01 5.709622745247859399e+01 5.710717124165465464e+01 5.711811507944783273e+01 5.712905896508218007e+01 0.000000000000000000e+00
5.683184411515111378e+01 5.684278820752648187e+01 5.685373236787820872e+01 5.686467659543411202e+01 5.687562088942185312e+01 5.688656524906889445e+01 5.689750967360261313e+01 5.690845416225016606e+01 5.691939871423859643e+01 5.693034332879478399e+01 5.694128800514545219e+01 5.695223274251713974e+01 5.696317754013627166e+01 5.697412239722911664e+01 5.698506731302173733e+01 5.699601228674009690e+01 5.700695731760998086e+01 5.701790240485703265e+01 5.702884754770671094e+01 5.703979274538436783e+01 5.705073799711512805e+01 5.706168330212405237e+01 5.707262865963595999e+01 5.708357406887559193e+01 5.709451952906748318e+01 5.710546503943604080e+01 5.711641059920550845e+01 5.712735620759995925e+01 5.713830186384332421e+01 0.000000000000000000e+00
5.684103688851347869e+01 5.685198275113864952e+01 5.686292868175118542e+01 5.687387467957876197e+01 5.688482074384889842e+01 5.689576687378898612e+01 5.690671306862622458e+01 5.691765932758768542e+01 5.692860564990026973e+01 5.693955203479071514e+01 5.695049848148563854e+01 5.696144498921146493e+01 5.697239155719449855e+01 5.698333818466082334e+01 5.699428487083643802e+01 5.700523161494716362e+01 5.701617841621866489e+01 5.702712527387643604e+01 5.703807218714583627e+01 5.704901915525206846e+01 5.705996617742017207e+01 5.707091325287504446e+01 5.708186038084140534e+01 5.709280756054384653e+01 5.710375479120679643e+01 5.711470207205451288e+01 5.712564940231114718e+01 5.713659678120062324e+01 5.714754420794676548e+01 0.000000000000000000e+00
5.685022910944415742e+01 5.686117674221274854e+01 5.687212444297968972e+01 5.688307221097254285e+01 5.689402004541872770e+01 5.690496794554547932e+01 5.691591591057985511e+01 5.692686393974882719e+01 5.693781203227917587e+01 5.694876018739751800e+01 5.695970840433031412e+01 5.697065668230388269e+01 5.698160502054438581e+01 5.699255341827782928e+01 5.700350187473006258e+01 5.701445038912676466e+01 5.702539896069346526e+01 5.703634758865558041e+01 5.704729627223830590e+01 5.705824501066675225e+01 5.706919380316578838e+01 5.708014264896021928e+01 5.709109154727463675e+01 5.710204049733349052e+01 5.711298949836109529e+01 5.712393854958159523e+01 5.713488765021898530e+01 5.714583679949708284e+01 5.715678599663959858e+01 0.000000000000000000e+00
5.685942077719424503e+01 5.687037017999973898e+01 5.688131965081456798e+01 5.689226918886618733e+01 5.690321879338186761e+01 5.691416846358873016e+01 5.692511819871373291e+01 5.693606799798369877e+01 5.694701786062527304e+01 5.695796778586494469e+01 5.696891777292911030e+01 5.697986782104390358e+01 5.699081792943535163e+01 5.700176809732937500e+01 5.701271832395167394e+01 5.702366860852780661e+01 5.703461895028320328e+01 5.704556934844312366e+01 5.705651980223264985e+01 5.706747031087673605e+01 5.707842087360018013e+01 5.708937148962763786e+01 5.710032215818355184e+01 5.711127287849229361e+01 5.712222364977801448e+01 5.713317447126475201e+01 5.714412534217636619e+01 5.715507626173655353e+01 5.716602722916888979e+01 0.000000000000000000e+00
5.686861189101478686e+01 5.687956306375050275e+01 5.689051430450654578e+01 5.690146561251026469e+01 5.691241698698878082e+01 5.692336842716908762e+01 5.693431993227804355e+01 5.694527150154232231e+01 5.695622313418844840e+01 5.696717482944280420e+01 5.697812658653162998e+01 5.698907840468095287e+01 5.700003028311670050e+01 5.701098222106460867e+01 5.702193421775029236e+01 5.703288627239919606e+01 5.704383838423659370e+01 5.705479055248762421e+01 5.706574277637726311e+01 5.707669505513034380e+01 5.708764738797151495e+01 5.709859977412530441e+01 5.710955221281604821e+01 5.712050470326798290e+01 5.713145724470514608e+01 5.714240983635142612e+01 5.715336247743057640e+01 5.716431516716617978e+01 5.717526790478166276e+01 0.000000000000000000e+00
5.687780245015676428e+01 5.688875539271588622e+01 5.689970840330634871e+01 5.691066148115532997e+01 5.692161462548986606e+01 5.693256783553679412e+01 5.694352111052288024e+01 5.695447444967463468e+01 5.696542785221851091e+01 5.697638131738073497e+01 5.698733484438740504e+01 5.699828843246443455e+01 5.700924208083765166e+01 5.702019578873263583e+01 5.703114955537490260e+01 5.704210337998972591e+01 5.705305726180231574e+01 5.706401120003764760e+01 5.707496519392057621e+01 5.708591924267579998e+01 5.709687334552786808e+01 5.710782750170115207e+01 5.711878171041991692e+01 5.712973597090822153e+01 5.714069028238998982e+01 5.715164464408899647e+01 5.716259905522885987e+01 5.717355351503303496e+01 5.718450802272482036e+01 0.000000000000000000e+00
5.688699245387108760e+01 5.689794716614666470e+01 5.690890194646455313e+01 5.691985679405185294e+01 5.693081170813543679e+01 5.694176668794205654e+01 5.695272173269829352e+01 5.696367684163058698e+01 5.697463201396523402e+01 5.698558724892835414e+01 5.699654254574589629e+01 5.700749790364369574e+01 5.701845332184738879e+01 5.702940879958249099e+01 5.704036433607436152e+01 5.705131993054816775e+01 5.706227558222895624e+01 5.707323129034161724e+01 5.708418705411087046e+01 5.709514287276128641e+01 5.710609874551728637e+01 5.711705467160310690e+01 5.712801065024290637e+01 5.713896668066059448e+01 5.714992276208000987e+01 5.716087889372475672e+01 5.717183507481836102e+01 5.718279130458413562e+01 5.719374758224525834e+01 0.000000000000000000e+00
5.689618190140859610e+01 5.690713838329352825e+01 5.691809493323177804e+01 5.692905155045028209e+01 5.694000823417581358e+01 5.695096498363497517e+01 5.696192179805429134e+01 5.697287867666001659e+01 5.698383561867832725e+01 5.699479262333522200e+01 5.700574968985655033e+01 5.701670681746798408e+01 5.702766400539506009e+01 5.703862125286317308e+01 5.704957855909752595e+01 5.706053592332320790e+01 5.707149334476508784e+01 5.708245082264796366e+01 5.709340835619642007e+01 5.710436594463490678e+01 5.711532358718771718e+01 5.712628128307897413e+01 5.713723903153269390e+01 5.714819683177267251e+01 5.715915468302259939e+01 5.717011258450597921e+01 5.718107053544620300e+01 5.719202853506645567e+01 5.720298658258980140e+01 0.000000000000000000e+00
5.690537079202010773e+01 5.691632904340714560e+01 5.692728736285847901e+01 5.693824574960093798e+01 5.694920420286116780e+01 5.696016272186567164e+01 5.697112130584077505e+01 5.698207995401267567e+01 5.699303866560740772e+01 5.700399743985084200e+01 5.701495627596869298e+01 5.702591517318651881e+01 5.703687413072972845e+01 5.704783314782357451e+01 5.705879222369318171e+01 5.706975135756344741e+01 5.708071054865918370e+01 5.709166979620501792e+01 5.710262909942542819e+01 5.711358845754471503e+01 5.712454786978707233e+01 5.713550733537651638e+01 5.714646685353688582e+01 5.715742642349188429e+01 5.716838604446507333e+01 5.717934571567983681e+01 5.719030543635939523e+01 5.720126520572687667e+01 5.721222502300517476e+01 0.000000000000000000e+00
5.691455912495634095e+01 5.692551914573808602e+01 5.693647923459512583e+01 5.694743939075415540e+01 5.695839961344169922e+01 5.696935990188411125e+01 5.698032025530764599e+01 5.699128067293830924e+01 5.700224115400206415e+01 5.701320169772463942e+01 5.702416230333160030e+01 5.703512297004842679e+01 5.704608369710036442e+01 5.705704448371257342e+01 5.706800532911000090e+01 5.707896623251748736e+01 5.708992719315965303e+01 5.710088821026105421e+01 5.711184928304600561e+01 5.712281041073872245e+01 5.713377159256323523e+01 5.714473282774342522e+01 5.715569411550305290e+01 5.716665545506565849e+01 5.717761684565470404e+01 5.718857828649342423e+01 5.719953977680496848e+01 5.721050131581225884e+01 5.722146290273811786e+01 0.000000000000000000e+00
5.692374689946796451e+01 5.693470868953689745e+01 5.694567054769208880e+01 5.695663247316016253e+01 5.696759446516747261e+01 5.697855652294027351e+01 5.698951864570466341e+01 5.700048083268658417e+01 5.701144308311182130e+01 5.702240539620596849e+01 5.703336777119454126e+01 5.704433020730281356e+01 5.705529270375593143e+01 5.706625525977894853e+01 5.707721787459666984e+01 5.708818054743381509e+01 5.709914327751488372e+01 5.711010606406428991e+01 5.712106890630624889e+01 5.713203180346482668e+01 5.714299475476394008e+01 5.715395775942734957e+01 5.716492081667868774e+01 5.717588392574136691e+01 5.718684708583871412e+01 5.719781029619386459e+01 5.720877355602979719e+01 5.721973686456933450e+01 5.723070022103520671e+01 0.000000000000000000e+00
5.693293411480560451e+01 5.694389767405402836e+01 5.695486130139971692e+01 5.696582499606911654e+01 5.697678875728853143e+01 5.698775258428401713e+01 5.699871647628160787e+01 5.700968043250708206e+01 5.702064445218611155e+01 5.703160853454417634e+01 5.704257267880664273e+01 5.705353688419867808e+01 5.706450114994530765e+01 5.707546547527143588e+01 5.708642985940176118e+01 5.709739430156087536e+01 5.710835880097316419e+01 5.711932335686289264e+01 5.713028796845415513e+01 5.714125263497091112e+01 5.715221735563694239e+01 5.716318212967587442e+01 5.717414695631121901e+01 5.718511183476628190e+01 5.719607676426423382e+01 5.720704174402811049e+01 5.721800677328074869e+01 5.722897185124487152e+01 5.723993697714304574e+01 0.000000000000000000e+00
5.694212077021980178e+01 5.695308609853988457e+01 5.696405149496824549e+01 5.697501695873118166e+01 5.698598248905483388e+01 5.699694808516520084e+01 5.700791374628815333e+01 5.701887947164934900e+01 5.702984526047436020e+01 5.704081111198850351e+01 5.705177702541703866e+01 5.706274299998499089e+01 5.707370903491730019e+01 5.708467512943872180e+01 5.709564128277381911e+01 5.710660749414706316e+01 5.711757376278272602e+01 5.712854008790494476e+01 5.713950646873769301e+01 5.715047290450478101e+01 5.716143939442989108e+01 5.717240593773651369e+01 5.718337253364803985e+01 5.719433918138762607e+01 5.720530588017836493e+01 5.721627262924311452e+01 5.722723942780462636e+01 5.723820627508548142e+01 5.724917317030811859e+01 0.000000000000000000e+00
5.695130686496103323e+01 5.696227396224482931e+01 5.697324112764786719e+01 5.698420836039635162e+01 5.699517565971629551e+01 5.700614302483357676e+01 5.701711045497393116e+01 5.702807794936288133e+01 5.703904550722587175e+01 5.705001312778812661e+01 5.706098081027475644e+01 5.707194855391066568e+01 5.708291635792068774e+01 5.709388422152940024e+01 5.710485214396129550e+01 5.711582012444070244e+01 5.712678816219175815e+01 5.713775625643849310e+01 5.714872440640473172e+01 5.715969261131418477e+01 5.717066087039039246e+01 5.718162918285671736e+01 5.719259754793645811e+01 5.720356596485259359e+01 5.721453443282811691e+01 5.722550295108576535e+01 5.723647151884816253e+01 5.724744013533776865e+01 5.725840879977688758e+01 0.000000000000000000e+00
0.000000000000000000e+00 0.000000000000000000e+00 0.000000000000000000e+00 0.000000000000000000e+00 0.000000000000000000e+00 0.000000000000000000e+00 0.000000000000000000e+00 0.000000000000000000e+00 0.000000000000000000e+00 0.000000000000000000e+00 0.000000000000000000e+00 0.000000000000000000e+00 0.000000000000000000e+00 0.000000000000000000e+00 0.000000000000000000e+00 0.000000000000000000e+00 0.000000000000000000e+00 0.000000000000000000e+00 0.000000000000000000e+00 0.000000000000000000e+00 0.000000000000000000e+00 0.000000000000000000e+00 0.000000000000000000e+00 0.000000000000000000e+00 0.000000000000000000e+00 0.000000000000000000e+00 0.000000000000000000e+00 0.000000000000000000e+00 0.000000000000000000e+00 0.000000000000000000e+00
